FANN_FLO_2.1
num_layers=2
learning_rate=0.700000
connection_rate=1.000000
network_type=1
learning_momentum=0.000000
training_algorithm=2
train_error_function=0
train_stop_function=1
cascade_output_change_fraction=0.010000
quickprop_decay=-0.000100
quickprop_mu=1.750000
rprop_increase_factor=1.200000
rprop_decrease_factor=0.500000
rprop_delta_min=0.000000
rprop_delta_max=50.000000
rprop_delta_zero=0.100000
cascade_output_stagnation_epochs=12
cascade_candidate_change_fraction=0.010000
cascade_candidate_stagnation_epochs=12
cascade_max_out_epochs=150
cascade_min_out_epochs=50
cascade_max_cand_epochs=150
cascade_min_cand_epochs=50
cascade_num_candidate_groups=8
bit_fail_limit=8.99999976158142089844e-01
cascade_candidate_limit=1.00000000000000000000e+03
cascade_weight_multiplier=4.00000005960464477539e-01
cascade_activation_functions_count=1
cascade_activation_functions=5 
cascade_activation_steepnesses_count=1
cascade_activation_steepnesses=1.00000000000000000000e+00 
layer_sizes=9 1 
scale_included=0
neurons (num_inputs, activation_function, activation_steepness)=(0, 0, 0.00000000000000000000e+00) (0, 0, 0.00000000000000000000e+00) (0, 0, 0.00000000000000000000e+00) (0, 0, 0.00000000000000000000e+00) (0, 0, 0.00000000000000000000e+00) (0, 0, 0.00000000000000000000e+00) (0, 0, 0.00000000000000000000e+00) (0, 0, 0.00000000000000000000e+00) (0, 0, 0.00000000000000000000e+00) (9, 0, 5.00000000000000000000e-01) 
connections (connected_to_neuron, weight)=(0, -8.37624147534370422363e-02) (1, 6.00662007927894592285e-02) (2, 4.54621538519859313965e-02) (3, 9.80014279484748840332e-02) (4, -8.32657963037490844727e-02) (5, -3.29989194869995117188e-03) (6, -4.92388121783733367920e-02) (7, 4.34309244155883789062e-03) (8, 1.30586996674537658691e-02) 
